551  201
603  321
327  307
189  187
125  333
359  145
275  119
479  187
303  85
235  237
495  415
507  145
369  357
313  305
263  359
437  203
207  101
337  125
613  133
139  129
73  137
169  33
165  47
335  295
383  283
445  239
103  253
493  433
517  123
589  111
141  27
481  409
429  95
97  289
271  217
591  199
359  61
353  223
265  261
151  37
91  255
455  217
287  141
457  211
447  71
183  397
295  365
539  117
77  215
407  443
127  355
555  309
545  275
123  299
229  111
317  383
399  319
109  425
135  85
567  83
157  197
305  241
509  277
87  137
365  407
435  185
437  145
435  267
609  327
123  107
