0.334815 0.0565271 0.828
0.399781 -0.114425 0.807
0.0109301 -0.104617 0.892
-0.201568 0.0815505 0.879
-0.312674 -0.149122 0.916
0.0607599 0.148005 0.89
-0.0716042 0.192536 0.909
0.247157 0.0823855 0.888
-0.0258304 0.235512 0.868
-0.129747 0.00457931 0.872
0.274785 -0.274785 0.897
0.291336 0.148005 0.89
0.0761678 -0.18187 0.888
-0.0108566 -0.100811 0.886
-0.0884038 -0.184562 0.886
0.180846 0.0571906 0.883
-0.173872 0.213878 0.879
0.02711 0.183391 0.911
0.460068 0.168011 0.897
-0.272166 0.166908 0.859
-0.372274 0.15524 0.861
-0.21939 0.300753 0.83
-0.221946 0.276358 0.818
0.0216887 -0.0795252 0.826
0.0910925 -0.0621743 0.826
0.187522 0.00150018 0.857
-0.319081 -0.0191155 0.84
0.251354 -0.280413 0.83
0.268292 0.159341 0.778
0.411553 0.197362 0.874
-0.261952 0.311708 0.836
0.236174 -0.247909 0.838
0.164283 0.218541 0.861
-0.33454 -0.0735087 0.857
-0.069992 0.0328534 0.816
0.377611 0.0571293 0.796
0.057756 0.265085 0.846
0.0484083 0.0249376 0.838
-0.0841465 -0.0321287 0.874
-0.233709 0.280728 0.79
-0.35236 -0.0230803 0.879
0.197089 0.0335781 0.834
-0.046271 0.138813 0.801
0.197131 0.0417284 0.822
0.198304 0.263884 0.892
-0.213918 -0.245147 0.892
-0.0395613 -0.197807 0.904
0.322789 0.181292 0.842
-0.366245 0.0376795 0.861
0.126404 -0.294942 0.83
-0.283115 -0.168696 0.838
0.341435 -0.100251 0.83
0.330844 -0.0514647 0.84
-0.309329 -0.0926417 0.897
-0.138268 0.196007 0.868
-0.00431673 -0.205764 0.822
0.108557 -0.108557 0.785
-0.299547 -0.262636 0.811
-0.263284 0.220589 0.813
0.35887 0.228108 0.83
-0.248809 0.0656367 0.872
-0.0229491 -0.00152994 0.874
0.280887 -0.0549885 0.849
-0.325885 0.144061 0.799
0.0622303 -0.230943 0.79
0.15239 0.0728821 0.757
0.14951 0.121397 0.73
0.153195 -0.0359675 0.761
0.408257 -0.122901 0.807
-0.298639 0.201619 0.866
