113 178
53 289
318 300
452 179
507 325
291 135
370 114
170 170
349 79
411 225
156 397
138 129
277 349
326 293
372 342
217 189
438 98
309 119
33 120
503 126
562 135
469 34
477 45
314 274
267 261
209 219
521 239
166 400
149 98
58 97
496 32
173 378
217 84
533 283
367 195
70 175
294 53
293 208
381 256
477 31
547 250
198 198
371 124
205 187
194 60
454 386
350 356
111 100
563 214
249 407
506 336
97 278
99 254
509 293
409 112
335 354
268 287
524 395
504 85
97 62
481 187
341 233
146 256
534 130
291 366
239 151
224 112
233 231
50 297
522 109
