
--------------------------Matricea A----------------------------------
334.815 56.5271 828 1 0 0 0 0 -37834.1 -6387.56 -93564 -113 
0 0 0 0 334.815 56.5271 828 1 -59597.1 -10061.8 -147384 -178 
399.781 -114.425 807 1 0 0 0 0 -21188.4 6064.53 -42771 -53 
0 0 0 0 399.781 -114.425 807 1 -115537 33068.8 -233223 -289 
10.9301 -104.617 892 1 0 0 0 0 -3475.77 33268.2 -283656 -318 
0 0 0 0 10.9301 -104.617 892 1 -3279.03 31385.1 -267600 -300 
-201.568 81.5505 879 1 0 0 0 0 91108.7 -36860.8 -397308 -452 
0 0 0 0 -201.568 81.5505 879 1 36080.7 -14597.5 -157341 -179 
-312.674 -149.122 916 1 0 0 0 0 158526 75604.9 -464412 -507 
0 0 0 0 -312.674 -149.122 916 1 101619 48464.6 -297700 -325 
60.7599 148.005 890 1 0 0 0 0 -17681.1 -43069.5 -258990 -291 
0 0 0 0 60.7599 148.005 890 1 -8202.59 -19980.7 -120150 -135 
-71.6042 192.536 909 1 0 0 0 0 26493.6 -71238.3 -336330 -370 
0 0 0 0 -71.6042 192.536 909 1 8162.88 -21949.1 -103626 -114 
247.157 82.3855 888 1 0 0 0 0 -42016.7 -14005.5 -150960 -170 
0 0 0 0 247.157 82.3855 888 1 -42016.7 -14005.5 -150960 -170 
-25.8304 235.512 868 1 0 0 0 0 9014.81 -82193.7 -302932 -349 
0 0 0 0 -25.8304 235.512 868 1 2040.6 -18605.4 -68572 -79 
-129.747 4.57931 872 1 0 0 0 0 53326 -1882.1 -358392 -411 
0 0 0 0 -129.747 4.57931 872 1 29193.1 -1030.34 -196200 -225 
274.785 -274.785 897 1 0 0 0 0 -42866.5 42866.5 -139932 -156 
0 0 0 0 274.785 -274.785 897 1 -109090 109090 -356109 -397 
291.336 148.005 890 1 0 0 0 0 -40204.4 -20424.7 -122820 -138 
0 0 0 0 291.336 148.005 890 1 -37582.3 -19092.6 -114810 -129 
76.1678 -181.87 888 1 0 0 0 0 -21098.5 50378 -245976 -277 
0 0 0 0 76.1678 -181.87 888 1 -26582.6 63472.6 -309912 -349 
-10.8566 -100.811 886 1 0 0 0 0 3539.25 32864.4 -288836 -326 
0 0 0 0 -10.8566 -100.811 886 1 3180.98 29537.6 -259598 -293 
-88.4038 -184.562 886 1 0 0 0 0 32886.2 68657.1 -329592 -372 
0 0 0 0 -88.4038 -184.562 886 1 30234.1 63120.2 -303012 -342 
180.846 57.1906 883 1 0 0 0 0 -39243.6 -12410.4 -191611 -217 
0 0 0 0 180.846 57.1906 883 1 -34179.9 -10809 -166887 -189 
-173.872 213.878 879 1 0 0 0 0 76155.9 -93678.6 -385002 -438 
0 0 0 0 -173.872 213.878 879 1 17039.5 -20960 -86142 -98 
27.11 183.391 911 1 0 0 0 0 -8376.99 -56667.8 -281499 -309 
0 0 0 0 27.11 183.391 911 1 -3226.09 -21823.5 -108409 -119 
460.068 168.011 897 1 0 0 0 0 -15182.2 -5544.36 -29601 -33 
0 0 0 0 460.068 168.011 897 1 -55208.2 -20161.3 -107640 -120 
-272.166 166.908 859 1 0 0 0 0 136900 -83954.7 -432077 -503 
0 0 0 0 -272.166 166.908 859 1 34292.9 -21030.4 -108234 -126 
-372.274 155.24 861 1 0 0 0 0 209218 -87244.9 -483882 -562 
0 0 0 0 -372.274 155.24 861 1 50257 -20957.4 -116235 -135 
-219.39 300.753 830 1 0 0 0 0 102894 -141053 -389270 -469 
0 0 0 0 -219.39 300.753 830 1 7459.26 -10225.6 -28220 -34 
-221.946 276.358 818 1 0 0 0 0 105868 -131823 -390186 -477 
0 0 0 0 -221.946 276.358 818 1 9987.57 -12436.1 -36810 -45 
21.6887 -79.5252 826 1 0 0 0 0 -6810.25 24970.9 -259364 -314 
0 0 0 0 21.6887 -79.5252 826 1 -5942.7 21789.9 -226324 -274 
91.0925 -62.1743 826 1 0 0 0 0 -24321.7 16600.5 -220542 -267 
0 0 0 0 91.0925 -62.1743 826 1 -23775.1 16227.5 -215586 -261 
187.522 1.50018 857 1 0 0 0 0 -39192.1 -313.538 -179113 -209 
0 0 0 0 187.522 1.50018 857 1 -41067.3 -328.539 -187683 -219 
-319.081 -19.1155 840 1 0 0 0 0 166241 9959.18 -437640 -521 
0 0 0 0 -319.081 -19.1155 840 1 76260.4 4568.6 -200760 -239 
251.354 -280.413 830 1 0 0 0 0 -41724.8 46548.6 -137780 -166 
0 0 0 0 251.354 -280.413 830 1 -100542 112165 -332000 -400 
268.292 159.341 778 1 0 0 0 0 -39975.5 -23741.8 -115922 -149 
0 0 0 0 268.292 159.341 778 1 -26292.6 -15615.4 -76244 -98 
411.553 197.362 874 1 0 0 0 0 -23870.1 -11447 -50692 -58 
0 0 0 0 411.553 197.362 874 1 -39920.6 -19144.1 -84778 -97 
-261.952 311.708 836 1 0 0 0 0 129928 -154607 -414656 -496 
0 0 0 0 -261.952 311.708 836 1 8382.46 -9974.66 -26752 -32 
236.174 -247.909 838 1 0 0 0 0 -40858.1 42888.3 -144974 -173 
0 0 0 0 236.174 -247.909 838 1 -89273.8 93709.6 -316764 -378 
164.283 218.541 861 1 0 0 0 0 -35649.4 -47423.4 -186837 -217 
0 0 0 0 164.283 218.541 861 1 -13799.8 -18357.4 -72324 -84 
-334.54 -73.5087 857 1 0 0 0 0 178310 39180.1 -456781 -533 
0 0 0 0 -334.54 -73.5087 857 1 94674.8 20803 -242531 -283 
-69.992 32.8534 816 1 0 0 0 0 25687.1 -12057.2 -299472 -367 
0 0 0 0 -69.992 32.8534 816 1 13648.4 -6406.41 -159120 -195 
377.611 57.1293 796 1 0 0 0 0 -26432.8 -3999.05 -55720 -70 
0 0 0 0 377.611 57.1293 796 1 -66081.9 -9997.63 -139300 -175 
57.756 265.085 846 1 0 0 0 0 -16980.3 -77935 -248724 -294 
0 0 0 0 57.756 265.085 846 1 -3061.07 -14049.5 -44838 -53 
48.4083 24.9376 838 1 0 0 0 0 -14183.6 -7306.72 -245534 -293 
0 0 0 0 48.4083 24.9376 838 1 -10068.9 -5187.02 -174304 -208 
-84.1465 -32.1287 874 1 0 0 0 0 32059.8 12241 -332994 -381 
0 0 0 0 -84.1465 -32.1287 874 1 21541.5 8224.95 -223744 -256 
-233.709 280.728 790 1 0 0 0 0 111479 -133907 -376830 -477 
0 0 0 0 -233.709 280.728 790 1 7244.98 -8702.57 -24490 -31 
-352.36 -23.0803 879 1 0 0 0 0 192741 12624.9 -480813 -547 
0 0 0 0 -352.36 -23.0803 879 1 88090 5770.08 -219750 -250 
197.089 33.5781 834 1 0 0 0 0 -39023.6 -6648.46 -165132 -198 
0 0 0 0 197.089 33.5781 834 1 -39023.6 -6648.46 -165132 -198 
-46.271 138.813 801 1 0 0 0 0 17166.5 -51499.6 -297171 -371 
0 0 0 0 -46.271 138.813 801 1 5737.6 -17212.8 -99324 -124 
197.131 41.7284 822 1 0 0 0 0 -40411.9 -8554.32 -168510 -205 
0 0 0 0 197.131 41.7284 822 1 -36863.5 -7803.21 -153714 -187 
198.304 263.884 892 1 0 0 0 0 -38471 -51193.5 -173048 -194 
0 0 0 0 198.304 263.884 892 1 -11898.2 -15833 -53520 -60 
-213.918 -245.147 892 1 0 0 0 0 97118.8 111297 -404968 -454 
0 0 0 0 -213.918 -245.147 892 1 82572.3 94626.7 -344312 -386 
-39.5613 -197.807 904 1 0 0 0 0 13846.5 69232.4 -316400 -350 
0 0 0 0 -39.5613 -197.807 904 1 14083.8 70419.3 -321824 -356 
322.789 181.292 842 1 0 0 0 0 -35829.6 -20123.4 -93462 -111 
0 0 0 0 322.789 181.292 842 1 -32278.9 -18129.2 -84200 -100 
-366.245 37.6795 861 1 0 0 0 0 206196 -21213.6 -484743 -563 
0 0 0 0 -366.245 37.6795 861 1 78376.4 -8063.41 -184254 -214 
126.404 -294.942 830 1 0 0 0 0 -31474.6 73440.6 -206670 -249 
0 0 0 0 126.404 -294.942 830 1 -51446.4 120041 -337810 -407 
-283.115 -168.696 838 1 0 0 0 0 143256 85360.2 -424028 -506 
0 0 0 0 -283.115 -168.696 838 1 95126.6 56681.9 -281568 -336 
341.435 -100.251 830 1 0 0 0 0 -33119.2 9724.35 -80510 -97 
0 0 0 0 341.435 -100.251 830 1 -94918.9 27869.8 -230740 -278 
330.844 -51.4647 840 1 0 0 0 0 -32753.6 5095.01 -83160 -99 
0 0 0 0 330.844 -51.4647 840 1 -84034.4 13072 -213360 -254 
-309.329 -92.6417 897 1 0 0 0 0 157448 47154.6 -456573 -509 
0 0 0 0 -309.329 -92.6417 897 1 90633.4 27144 -262821 -293 
-138.268 196.007 868 1 0 0 0 0 56551.6 -80166.9 -355012 -409 
0 0 0 0 -138.268 196.007 868 1 15486 -21952.8 -97216 -112 
-4.31673 -205.764 822 1 0 0 0 0 1446.1 68930.9 -275370 -335 
0 0 0 0 -4.31673 -205.764 822 1 1528.12 72840.5 -290988 -354 
108.557 -108.557 785 1 0 0 0 0 -29093.3 29093.3 -210380 -268 
0 0 0 0 108.557 -108.557 785 1 -31155.9 31155.9 -225295 -287 
-299.547 -262.636 811 1 0 0 0 0 156963 137621 -424964 -524 
0 0 0 0 -299.547 -262.636 811 1 118321 103741 -320345 -395 
-263.284 220.589 813 1 0 0 0 0 132695 -111177 -409752 -504 
0 0 0 0 -263.284 220.589 813 1 22379.1 -18750.1 -69105 -85 
358.87 228.108 830 1 0 0 0 0 -34810.4 -22126.5 -80510 -97 
0 0 0 0 358.87 228.108 830 1 -22249.9 -14142.7 -51460 -62 
-248.809 65.6367 872 1 0 0 0 0 119677 -31571.3 -419432 -481 
0 0 0 0 -248.809 65.6367 872 1 46527.3 -12274.1 -163064 -187 
-22.9491 -1.52994 874 1 0 0 0 0 7825.64 521.71 -298034 -341 
0 0 0 0 -22.9491 -1.52994 874 1 5347.14 356.476 -203642 -233 
280.887 -54.9885 849 1 0 0 0 0 -41009.5 8028.32 -123954 -146 
0 0 0 0 280.887 -54.9885 849 1 -71907.1 14077.1 -217344 -256 
-325.885 144.061 799 1 0 0 0 0 174023 -76928.6 -426666 -534 
0 0 0 0 -325.885 144.061 799 1 42365.1 -18727.9 -103870 -130 
62.2303 -230.943 790 1 0 0 0 0 -18109 67204.4 -229890 -291 
0 0 0 0 62.2303 -230.943 790 1 -22776.3 84525.1 -289140 -366 
152.39 72.8821 757 1 0 0 0 0 -36421.2 -17418.8 -180923 -239 
0 0 0 0 152.39 72.8821 757 1 -23010.9 -11005.2 -114307 -151 
149.51 121.397 730 1 0 0 0 0 -33490.2 -27192.9 -163520 -224 
0 0 0 0 149.51 121.397 730 1 -16745.1 -13596.5 -81760 -112 
153.195 -35.9675 761 1 0 0 0 0 -35694.4 8380.43 -177313 -233 
0 0 0 0 153.195 -35.9675 761 1 -35388 8308.49 -175791 -231 
408.257 -122.901 807 1 0 0 0 0 -20412.9 6145.05 -40350 -50 
0 0 0 0 408.257 -122.901 807 1 -121252 36501.6 -239679 -297 
-298.639 201.619 866 1 0 0 0 0 155890 -105245 -452052 -522 
0 0 0 0 -298.639 201.619 866 1 32551.7 -21976.5 -94394 -109 

------------------------Coordonate proiector----------------------------------
113 178 
53 289 
318 300 
452 179 
507 325 
291 135 
370 114 
170 170 
349 79 
411 225 
156 397 
138 129 
277 349 
326 293 
372 342 
217 189 
438 98 
309 119 
33 120 
503 126 
562 135 
469 34 
477 45 
314 274 
267 261 
209 219 
521 239 
166 400 
149 98 
58 97 
496 32 
173 378 
217 84 
533 283 
367 195 
70 175 
294 53 
293 208 
381 256 
477 31 
547 250 
198 198 
371 124 
205 187 
194 60 
454 386 
350 356 
111 100 
563 214 
249 407 
506 336 
97 278 
99 254 
509 293 
409 112 
335 354 
268 287 
524 395 
504 85 
97 62 
481 187 
341 233 
146 256 
534 130 
291 366 
239 151 
224 112 
233 231 
50 297 
522 109 

------------------------Coordonate Kinect----------------------------------
334.815 56.5271  828 
399.781 -114.425  807 
10.9301 -104.617  892 
-201.568 81.5505  879 
-312.674 -149.122  916 
60.7599 148.005  890 
-71.6042 192.536  909 
247.157 82.3855  888 
-25.8304 235.512  868 
-129.747 4.57931  872 
274.785 -274.785  897 
291.336 148.005  890 
76.1678 -181.87  888 
-10.8566 -100.811  886 
-88.4038 -184.562  886 
180.846 57.1906  883 
-173.872 213.878  879 
27.11 183.391  911 
460.068 168.011  897 
-272.166 166.908  859 
-372.274 155.24  861 
-219.39 300.753  830 
-221.946 276.358  818 
21.6887 -79.5252  826 
91.0925 -62.1743  826 
187.522 1.50018  857 
-319.081 -19.1155  840 
251.354 -280.413  830 
268.292 159.341  778 
411.553 197.362  874 
-261.952 311.708  836 
236.174 -247.909  838 
164.283 218.541  861 
-334.54 -73.5087  857 
-69.992 32.8534  816 
377.611 57.1293  796 
57.756 265.085  846 
48.4083 24.9376  838 
-84.1465 -32.1287  874 
-233.709 280.728  790 
-352.36 -23.0803  879 
197.089 33.5781  834 
-46.271 138.813  801 
197.131 41.7284  822 
198.304 263.884  892 
-213.918 -245.147  892 
-39.5613 -197.807  904 
322.789 181.292  842 
-366.245 37.6795  861 
126.404 -294.942  830 
-283.115 -168.696  838 
341.435 -100.251  830 
330.844 -51.4647  840 
-309.329 -92.6417  897 
-138.268 196.007  868 
-4.31673 -205.764  822 
108.557 -108.557  785 
-299.547 -262.636  811 
-263.284 220.589  813 
358.87 228.108  830 
-248.809 65.6367  872 
-22.9491 -1.52994  874 
280.887 -54.9885  849 
-325.885 144.061  799 
62.2303 -230.943  790 
152.39 72.8821  757 
149.51 121.397  730 
153.195 -35.9675  761 
408.257 -122.901  807 
-298.639 201.619  866 

---------------------Valori singulare---------------------------------
9.12177e+012   5.96961e+011   3.20454e+011   4.6597e+007   9.70769e+006   2.7354e+006   1.08357e+006   365949   22353.8   5133.66   0.0763896   0.0213892   
----------------------Vectori valori singulare-----------------------------
0.00022206   -6.9423e-005   -0.0017553   -2.05913e-006   -1.31202e-005   7.81047e-005   -0.00113167   -1.32909e-006   -0.139294   -0.00704826   0.990223   0.00116035   


-0.00146548   0.000613963   2.93931e-005   1.18555e-008   -0.00126848   0.000498513   -0.00301375   -3.60867e-006   0.884211   -0.451083   0.121167   0.000159271   


-0.000751547   -0.00172793   -0.00253821   -3.07549e-006   -0.00105336   -0.000859097   -0.000565377   -7.20152e-007   0.445819   0.892449   0.06906   0.000133989   


-0.0590579   0.0126978   -0.577759   -0.000680712   -0.0154005   0.0490393   0.81234   0.00095506   0.00162179   -0.0019448   0.000128692   -9.67396e-005   


0.373521   -0.0788663   0.681842   0.000812048   -0.292581   0.246538   0.492902   0.000572512   0.00207404   0.0011175   0.001956   0.0026067   


-0.327046   -0.296167   0.208001   0.000226361   0.730798   0.463516   0.114661   0.000164691   0.0010273   0.000558812   0.000674264   -0.000280248   


-0.493863   -0.409716   -0.0969432   -0.000135752   -0.611692   0.431348   -0.13608   -0.000152682   -0.00236172   -0.000650291   -0.000634938   0.00906662   


-0.325813   0.858804   0.104072   1.88147e-006   -0.0670619   0.374672   0.0130264   6.67441e-005   -0.000353786   0.00212898   0.000243552   0.0205114   


0.0984919   -0.0112206   -0.0549438   -0.00187704   0.0129814   0.0760121   -0.0359663   -0.0014634   -6.81213e-006   -7.17515e-005   -0.00132865   0.989903   


0.624717   0.0190782   -0.367102   0.00255797   0.0354676   0.624294   -0.253   -0.00284897   6.06297e-005   6.60813e-005   -0.00095445   -0.139913   


0.00222473   -4.0787e-006   -0.000916152   -0.312434   0.000115691   0.00210415   -0.00199322   0.949932   3.05517e-007   -1.99574e-008   -4.25376e-006   0.000304116   


-0.00110952   1.19472e-005   -0.000481887   0.949934   -5.41576e-005   -0.001064   6.85937e-005   0.312438   -1.38265e-007   -2.57751e-008   -9.17518e-007   0.00243183   



----------------------ProjMV----------------------------------
-0.00110952 1.19472e-005 -0.000481887 0.949934 
-5.41576e-005 -0.001064 6.85937e-005 0.312438 
-1.38265e-007 -2.57751e-008 -9.17518e-007 0.00243183 
Q1	Q2	Q3
1195.3	58.3447	0.148955
-12.8709	1146.26	0.0277679
519.143	-73.8969	0.988454
-----------------------------------------------------------------

-------------------------RotMatrix------------------------------------
0.988539  -0.0290065  -0.148153  
0.0549633  0.997828  -0.0363139  
1195.3  -12.8709  519.143  

-------------------------t------------------------------------
711.733  -366.891  -2619.84

-------------------------IntMat------------------------------------
-1105.06  0  -690.838  0  
0  -1149.66  32.5237  0  
0  0  -8.84946  -7190.11  
0  0  -1  0  

-------------------------ExtMat------------------------------------
0.988539  -0.0290065  -0.148153  711.733  
0.0549633  0.997828  -0.0363139  -366.891  
1195.3  -12.8709  519.143  -2619.84  
0  0  0  1  
