640 0
641 1
642 2
643 3
644 4
645 5
646 6
647 7
648 8
649 9
650 10
651 11
652 12
653 13
654 14
655 15
656 16
657 17
658 18
659 19
660 20
661 21
662 22
663 23
664 24
665 25
666 26
667 27
668 28
669 29
670 30
671 31
672 32
673 33
674 34
675 35
676 36
677 37
678 38
679 39
680 40
681 41
682 42
683 43
684 44
685 45
686 46
687 47
688 48
689 49
690 50
691 51
692 52
693 53
694 54
695 55
696 56
697 57
698 58
699 59
700 60
701 61
702 62
703 63
704 64
705 65
706 66
707 67
708 68
709 69
710 70
711 71
712 72
713 73
714 74
715 75
716 76
717 77
718 78
719 79
720 80
721 81
722 82
723 83
724 84
725 85
726 86
727 87
728 88
729 89
730 90
731 91
732 92
733 93
734 94
735 95
736 96
737 97
738 98
739 99
740 100
741 101
742 102
743 103
744 104
745 105
746 106
747 107
748 108
749 109
750 110
751 111
752 112
753 113
754 114
755 115
756 116
757 117
758 118
759 119
760 120
761 121
762 122
763 123
764 124
765 125
766 126
767 127
768 128
769 129
770 130
771 131
772 132
773 133
774 134
775 135
776 136
777 137
778 138
779 139
780 140
781 141
782 142
783 143
784 144
785 145
786 146
787 147
788 148
789 149
790 150
791 151
792 152
793 153
794 154
795 155
796 156
797 157
798 158
799 159
800 160
801 161
802 162
803 163
804 164
805 165
806 166
807 167
808 168
809 169
810 170
811 171
812 172
813 173
814 174
815 175
816 176
817 177
818 178
819 179
820 180
821 181
822 182
823 183
824 184
825 185
826 186
827 187
828 188
829 189
830 190
831 191
832 192
833 193
834 194
835 195
836 196
837 197
838 198
839 199
840 200
841 201
842 202
843 203
844 204
845 205
846 206
847 207
848 208
849 209
850 210
851 211
852 212
853 213
854 214
855 215
856 216
857 217
858 218
859 219
860 220
861 221
862 222
863 223
864 224
865 225
866 226
867 227
868 228
869 229
870 230
871 231
872 232
873 233
874 234
875 235
876 236
877 237
878 238
879 239
880 240
881 241
882 242
883 243
884 244
885 245
886 246
887 247
888 248
889 249
890 250
891 251
892 252
893 253
894 254
895 255
896 256
897 257
898 258
899 259
900 260
901 261
902 262
903 263
904 264
905 265
906 266
907 267
908 268
909 269
910 270
911 271
912 272
913 273
914 274
915 275
916 276
917 277
918 278
919 279
920 280
921 281
922 282
923 283
924 284
925 285
926 286
927 287
928 288
929 289
930 290
931 291
932 292
933 293
934 294
935 295
936 296
937 297
938 298
939 299
940 300
941 301
942 302
943 303
944 304
945 305
946 306
947 307
948 308
949 309
950 310
951 311
952 312
953 313
954 314
955 315
956 316
957 317
958 318
959 319
960 320
961 321
962 322
963 323
964 324
965 325
966 326
967 327
968 328
969 329
970 330
971 331
972 332
973 333
974 334
975 335
976 336
977 337
978 338
979 339
980 340
981 341
982 342
983 343
984 344
985 345
986 346
987 347
988 348
989 349
990 350
991 351
992 352
993 353
994 354
995 355
996 356
997 357
998 358
999 359
1000 360
1001 361
1002 362
1003 363
1004 364
1005 365
1006 366
1007 367
1008 368
1009 369
1010 370
1011 371
1012 372
1013 373
1014 374
1015 375
1016 376
1017 377
1018 378
1019 379
1020 380
1021 381
1022 382
1023 383
1024 384
1025 385
1026 386
1027 387
1028 388
1029 389
1030 390
1031 391
1032 392
1033 393
1034 394
1035 395
1036 396
1037 397
1038 398
1039 399
1040 400
1041 401
1042 402
1043 403
1044 404
1045 405
1046 406
1047 407
1048 408
1049 409
1050 410
1051 411
1052 412
1053 413
1054 414
1055 415
1056 416
1057 417
1058 418
1059 419
1060 420
1061 421
1062 422
1063 423
1064 424
1065 425
1066 426
1067 427
1068 428
1069 429
1070 430
1071 431
1072 432
1073 433
1074 434
1075 435
1076 436
1077 437
1078 438
1079 439
1080 440
1081 441
1082 442
1083 443
1084 444
1085 445
1086 446
1087 447
1088 448
1089 449
1090 450
1091 451
1092 452
1093 453
1094 454
1095 455
1096 456
1097 457
1098 458
1099 459
1100 460
1101 461
1102 462
1103 463
1104 464
1105 465
1106 466
1107 467
1108 468
1109 469
1110 470
1111 471
1112 472
1113 473
1114 474
1115 475
1116 476
1117 477
1118 478
1119 479
1120 480
1121 481
1122 482
1123 483
1124 484
1125 485
1126 486
1127 487
1128 488
1129 489
1130 490
1131 491
1132 492
1133 493
1134 494
1135 495
1136 496
1137 497
1138 498
1139 499
1140 500
1141 501
1142 502
1143 503
1144 504
1145 505
1146 506
1147 507
1148 508
1149 509
1150 510
1151 511
1152 512
1153 513
1154 514
1155 515
1156 516
1157 517
1158 518
1159 519
1160 520
1161 521
1162 522
1163 523
1164 524
1165 525
1166 526
1167 527
1168 528
1169 529
1170 530
1171 531
1172 532
1173 533
1174 534
1175 535
1176 536
1177 537
1178 538
1179 539
1180 540
1181 541
1182 542
1183 543
1184 544
1185 545
1186 546
1187 547
1188 548
1189 549
1190 550
1191 551
1192 552
1193 553
1194 554
1195 555
1196 556
1197 557
1198 558
1199 559
1200 560
1201 561
1202 562
1203 563
1204 564
1205 565
1206 566
1207 567
1208 568
1209 569
1210 570
1211 571
1212 572
1213 573
1214 574
1215 575
1216 576
1217 577
1218 578
1219 579
1220 580
1221 581
1222 582
1223 583
1224 584
1225 585
1226 586
1227 587
1228 588
1229 589
1230 590
1231 591
1232 592
1233 593
1234 594
1235 595
1236 596
1237 597
1238 598
1239 599
1240 600
1241 601
1242 602
1243 603
1244 604
1245 605
1246 606
1247 607
1248 608
1249 609
1250 610
1251 611
1252 612
1253 613
1254 614
1255 615
1256 616
1257 617
1258 618
1259 619
1260 620
1261 621
1262 622
1263 623
1264 624
1265 625
1266 626
1267 627
1268 628
1269 629
1270 630
1271 631
1272 632
1273 633
1274 634
1275 635
1276 636
1277 637
1278 638
1279 639
