-1 -0.5 0
-0.996875 -0.5 0
-0.99375 -0.5 0
-0.990625 -0.5 0
-0.9875 -0.5 0
-0.984375 -0.5 0
-0.98125 -0.5 0
-0.978125 -0.5 0
-0.975 -0.5 0
-0.971875 -0.5 0
-0.96875 -0.5 0
-0.965625 -0.5 0
-0.9625 -0.5 0
-0.959375 -0.5 0
-0.95625 -0.5 0
-0.953125 -0.5 0
-0.95 -0.5 0
-0.946875 -0.5 0
-0.94375 -0.5 0
-0.940625 -0.5 0
-0.9375 -0.5 0
-0.934375 -0.5 0
-0.93125 -0.5 0
-0.928125 -0.5 0
-0.925 -0.5 0
-0.921875 -0.5 0
-0.91875 -0.5 0
-0.915625 -0.5 0
-0.9125 -0.5 0
-0.909375 -0.5 0
-0.90625 -0.5 0
-0.903125 -0.5 0
-0.9 -0.5 0
-0.896875 -0.5 0
-0.89375 -0.5 0
-0.890625 -0.5 0
-0.8875 -0.5 0
-0.884375 -0.5 0
-0.88125 -0.5 0
-0.878125 -0.5 0
-0.875 -0.5 0
-0.871875 -0.5 0
-0.868749 -0.5 0
-0.865624 -0.5 0
-0.862499 -0.5 0
-0.859374 -0.5 0
-0.856249 -0.5 0
-0.853124 -0.5 0
-0.849999 -0.5 0
-0.846874 -0.5 0
-0.843749 -0.5 0
-0.840624 -0.5 0
-0.837499 -0.5 0
-0.834374 -0.5 0
-0.831249 -0.5 0
-0.828124 -0.5 0
-0.824999 -0.5 0
-0.821874 -0.5 0
-0.818749 -0.5 0
-0.815624 -0.5 0
-0.812499 -0.5 0
-0.809374 -0.5 0
-0.806249 -0.5 0
-0.803124 -0.5 0
-0.799999 -0.5 0
-0.796874 -0.5 0
-0.793749 -0.5 0
-0.790624 -0.5 0
-0.787499 -0.5 0
-0.784374 -0.5 0
-0.781249 -0.5 0
-0.778124 -0.5 0
-0.774999 -0.5 0
-0.771874 -0.5 0
-0.768749 -0.5 0
-0.765624 -0.5 0
-0.762499 -0.5 0
-0.759374 -0.5 0
-0.756249 -0.5 0
-0.753124 -0.5 0
-0.749999 -0.5 0
-0.746874 -0.5 0
-0.743749 -0.5 0
-0.740624 -0.5 0
-0.737499 -0.5 0
-0.734374 -0.5 0
-0.731249 -0.5 0
-0.728124 -0.5 0
-0.724999 -0.5 0
-0.721874 -0.5 0
-0.718749 -0.5 0
-0.715624 -0.5 0
-0.712499 -0.5 0
-0.709374 -0.5 0
-0.706249 -0.5 0
-0.703124 -0.5 0
-0.699999 -0.5 0
-0.696874 -0.5 0
-0.693749 -0.5 0
-0.690624 -0.5 0
-0.687499 -0.5 0
-0.684374 -0.5 0
-0.681249 -0.5 0
-0.678124 -0.5 0
-0.674999 -0.5 0
-0.671874 -0.5 0
-0.668749 -0.5 0
-0.665624 -0.5 0
-0.662499 -0.5 0
-0.659374 -0.5 0
-0.656249 -0.5 0
-0.653124 -0.5 0
-0.649999 -0.5 0
-0.646874 -0.5 0
-0.643749 -0.5 0
-0.640624 -0.5 0
-0.637499 -0.5 0
-0.634374 -0.5 0
-0.631249 -0.5 0
-0.628124 -0.5 0
-0.624999 -0.5 0
-0.621874 -0.5 0
-0.618749 -0.5 0
-0.615624 -0.5 0
-0.612499 -0.5 0
-0.609374 -0.5 0
-0.606248 -0.5 0
-0.603123 -0.5 0
-0.599998 -0.5 0
-0.596873 -0.5 0
-0.593748 -0.5 0
-0.590623 -0.5 0
-0.587498 -0.5 0
-0.584373 -0.5 0
-0.581248 -0.5 0
-0.578123 -0.5 0
-0.574998 -0.5 0
-0.571873 -0.5 0
-0.568748 -0.5 0
-0.565623 -0.5 0
-0.562498 -0.5 0
-0.559373 -0.5 0
-0.556248 -0.5 0
-0.553123 -0.5 0
-0.549998 -0.5 0
-0.546873 -0.5 0
-0.543748 -0.5 0
-0.540623 -0.5 0
-0.537498 -0.5 0
-0.534373 -0.5 0
-0.531248 -0.5 0
-0.528123 -0.5 0
-0.524998 -0.5 0
-0.521873 -0.5 0
-0.518748 -0.5 0
-0.515623 -0.5 0
-0.512498 -0.5 0
-0.509373 -0.5 0
-0.506248 -0.5 0
-0.503123 -0.5 0
-0.499998 -0.5 0
-0.496873 -0.5 0
-0.493748 -0.5 0
-0.490623 -0.5 0
-0.487498 -0.5 0
-0.484373 -0.5 0
-0.481248 -0.5 0
-0.478123 -0.5 0
-0.474998 -0.5 0
-0.471873 -0.5 0
-0.468748 -0.5 0
-0.465623 -0.5 0
-0.462498 -0.5 0
-0.459373 -0.5 0
-0.456248 -0.5 0
-0.453123 -0.5 0
-0.449998 -0.5 0
-0.446873 -0.5 0
-0.443748 -0.5 0
-0.440623 -0.5 0
-0.437498 -0.5 0
-0.434373 -0.5 0
-0.431248 -0.5 0
-0.428123 -0.5 0
-0.424998 -0.5 0
-0.421873 -0.5 0
-0.418748 -0.5 0
-0.415623 -0.5 0
-0.412498 -0.5 0
-0.409373 -0.5 0
-0.406248 -0.5 0
-0.403123 -0.5 0
-0.399998 -0.5 0
-0.396873 -0.5 0
-0.393748 -0.5 0
-0.390623 -0.5 0
-0.387498 -0.5 0
-0.384373 -0.5 0
-0.381248 -0.5 0
-0.378123 -0.5 0
-0.374998 -0.5 0
-0.371873 -0.5 0
-0.368748 -0.5 0
-0.365623 -0.5 0
-0.362498 -0.5 0
-0.359373 -0.5 0
-0.356248 -0.5 0
-0.353123 -0.5 0
-0.349998 -0.5 0
-0.346873 -0.5 0
-0.343747 -0.5 0
-0.340622 -0.5 0
-0.337497 -0.5 0
-0.334372 -0.5 0
-0.331247 -0.5 0
-0.328122 -0.5 0
-0.324997 -0.5 0
-0.321872 -0.5 0
-0.318747 -0.5 0
-0.315622 -0.5 0
-0.312497 -0.5 0
-0.309372 -0.5 0
-0.306247 -0.5 0
-0.303122 -0.5 0
-0.299997 -0.5 0
-0.296872 -0.5 0
-0.293747 -0.5 0
-0.290622 -0.5 0
-0.287497 -0.5 0
-0.284372 -0.5 0
-0.281247 -0.5 0
-0.278122 -0.5 0
-0.274997 -0.5 0
-0.271872 -0.5 0
-0.268747 -0.5 0
-0.265622 -0.5 0
-0.262497 -0.5 0
-0.259372 -0.5 0
-0.256247 -0.5 0
-0.253122 -0.5 0
-0.249997 -0.5 0
-0.246872 -0.5 0
-0.243747 -0.5 0
-0.240622 -0.5 0
-0.237497 -0.5 0
-0.234372 -0.5 0
-0.231247 -0.5 0
-0.228122 -0.5 0
-0.224997 -0.5 0
-0.221872 -0.5 0
-0.218747 -0.5 0
-0.215622 -0.5 0
-0.212497 -0.5 0
-0.209372 -0.5 0
-0.206247 -0.5 0
-0.203122 -0.5 0
-0.199997 -0.5 0
-0.196872 -0.5 0
-0.193747 -0.5 0
-0.190622 -0.5 0
-0.187497 -0.5 0
-0.184372 -0.5 0
-0.181247 -0.5 0
-0.178122 -0.5 0
-0.174997 -0.5 0
-0.171872 -0.5 0
-0.168747 -0.5 0
-0.165622 -0.5 0
-0.162497 -0.5 0
-0.159372 -0.5 0
-0.156247 -0.5 0
-0.153122 -0.5 0
-0.149997 -0.5 0
-0.146872 -0.5 0
-0.143747 -0.5 0
-0.140622 -0.5 0
-0.137497 -0.5 0
-0.134372 -0.5 0
-0.131247 -0.5 0
-0.128122 -0.5 0
-0.124997 -0.5 0
-0.121872 -0.5 0
-0.118747 -0.5 0
-0.115622 -0.5 0
-0.112497 -0.5 0
-0.109372 -0.5 0
-0.106247 -0.5 0
-0.103122 -0.5 0
-0.0999973 -0.5 0
-0.0968723 -0.5 0
-0.0937473 -0.5 0
-0.0906223 -0.5 0
-0.0874973 -0.5 0
-0.0843723 -0.5 0
-0.0812473 -0.5 0
-0.0781223 -0.5 0
-0.0749973 -0.5 0
-0.0718723 -0.5 0
-0.0687473 -0.5 0
-0.0656223 -0.5 0
-0.0624973 -0.5 0
-0.0593723 -0.5 0
-0.0562473 -0.5 0
-0.0531223 -0.5 0
-0.0499973 -0.5 0
-0.0468723 -0.5 0
-0.0437473 -0.5 0
-0.0406223 -0.5 0
-0.0374973 -0.5 0
-0.0343723 -0.5 0
-0.0312473 -0.5 0
-0.0281223 -0.5 0
-0.0249973 -0.5 0
-0.0218723 -0.5 0
-0.0187473 -0.5 0
-0.0156223 -0.5 0
-0.0124973 -0.5 0
-0.00937232 -0.5 0
-0.00624732 -0.5 0
-0.00312232 -0.5 0
2.68077e-006 -0.5 0
0.00312768 -0.5 0
0.00625268 -0.5 0
0.00937768 -0.5 0
0.0125027 -0.5 0
0.0156277 -0.5 0
0.0187527 -0.5 0
0.0218777 -0.5 0
0.0250027 -0.5 0
0.0281277 -0.5 0
0.0312527 -0.5 0
0.0343777 -0.5 0
0.0375027 -0.5 0
0.0406277 -0.5 0
0.0437527 -0.5 0
0.0468777 -0.5 0
0.0500027 -0.5 0
0.0531277 -0.5 0
0.0562527 -0.5 0
0.0593777 -0.5 0
0.0625027 -0.5 0
0.0656277 -0.5 0
0.0687527 -0.5 0
0.0718777 -0.5 0
0.0750027 -0.5 0
0.0781277 -0.5 0
0.0812527 -0.5 0
0.0843777 -0.5 0
0.0875027 -0.5 0
0.0906277 -0.5 0
0.0937527 -0.5 0
0.0968777 -0.5 0
0.100003 -0.5 0
0.103128 -0.5 0
0.106253 -0.5 0
0.109378 -0.5 0
0.112503 -0.5 0
0.115628 -0.5 0
0.118753 -0.5 0
0.121878 -0.5 0
0.125003 -0.5 0
0.128128 -0.5 0
0.131253 -0.5 0
0.134378 -0.5 0
0.137503 -0.5 0
0.140628 -0.5 0
0.143753 -0.5 0
0.146878 -0.5 0
0.150003 -0.5 0
0.153128 -0.5 0
0.156253 -0.5 0
0.159378 -0.5 0
0.162503 -0.5 0
0.165628 -0.5 0
0.168753 -0.5 0
0.171878 -0.5 0
0.175003 -0.5 0
0.178128 -0.5 0
0.181253 -0.5 0
0.184378 -0.5 0
0.187503 -0.5 0
0.190628 -0.5 0
0.193753 -0.5 0
0.196878 -0.5 0
0.200003 -0.5 0
0.203128 -0.5 0
0.206253 -0.5 0
0.209378 -0.5 0
0.212503 -0.5 0
0.215628 -0.5 0
0.218753 -0.5 0
0.221878 -0.5 0
0.225003 -0.5 0
0.228128 -0.5 0
0.231253 -0.5 0
0.234378 -0.5 0
0.237503 -0.5 0
0.240628 -0.5 0
0.243753 -0.5 0
0.246878 -0.5 0
0.250003 -0.5 0
0.253128 -0.5 0
0.256253 -0.5 0
0.259378 -0.5 0
0.262503 -0.5 0
0.265628 -0.5 0
0.268753 -0.5 0
0.271878 -0.5 0
0.275003 -0.5 0
0.278128 -0.5 0
0.281253 -0.5 0
0.284378 -0.5 0
0.287503 -0.5 0
0.290628 -0.5 0
0.293753 -0.5 0
0.296878 -0.5 0
0.300003 -0.5 0
0.303128 -0.5 0
0.306253 -0.5 0
0.309378 -0.5 0
0.312503 -0.5 0
0.315628 -0.5 0
0.318753 -0.5 0
0.321878 -0.5 0
0.325003 -0.5 0
0.328128 -0.5 0
0.331253 -0.5 0
0.334378 -0.5 0
0.337503 -0.5 0
0.340628 -0.5 0
0.343753 -0.5 0
0.346878 -0.5 0
0.350003 -0.5 0
0.353128 -0.5 0
0.356253 -0.5 0
0.359378 -0.5 0
0.362503 -0.5 0
0.365628 -0.5 0
0.368753 -0.5 0
0.371878 -0.5 0
0.375003 -0.5 0
0.378128 -0.5 0
0.381253 -0.5 0
0.384378 -0.5 0
0.387503 -0.5 0
0.390628 -0.5 0
0.393753 -0.5 0
0.396878 -0.5 0
0.400003 -0.5 0
0.403128 -0.5 0
0.406253 -0.5 0
0.409378 -0.5 0
0.412503 -0.5 0
0.415628 -0.5 0
0.418753 -0.5 0
0.421878 -0.5 0
0.425003 -0.5 0
0.428128 -0.5 0
0.431253 -0.5 0
0.434378 -0.5 0
0.437503 -0.5 0
0.440628 -0.5 0
0.443753 -0.5 0
0.446878 -0.5 0
0.450003 -0.5 0
0.453128 -0.5 0
0.456253 -0.5 0
0.459378 -0.5 0
0.462503 -0.5 0
0.465628 -0.5 0
0.468753 -0.5 0
0.471878 -0.5 0
0.475003 -0.5 0
0.478128 -0.5 0
0.481253 -0.5 0
0.484378 -0.5 0
0.487503 -0.5 0
0.490628 -0.5 0
0.493753 -0.5 0
0.496878 -0.5 0
0.500003 -0.5 0
0.503128 -0.5 0
0.506253 -0.5 0
0.509378 -0.5 0
0.512504 -0.5 0
0.515629 -0.5 0
0.518754 -0.5 0
0.521879 -0.5 0
0.525004 -0.5 0
0.528129 -0.5 0
0.531254 -0.5 0
0.534379 -0.5 0
0.537504 -0.5 0
0.540629 -0.5 0
0.543754 -0.5 0
0.546879 -0.5 0
0.550004 -0.5 0
0.553129 -0.5 0
0.556254 -0.5 0
0.559379 -0.5 0
0.562504 -0.5 0
0.565629 -0.5 0
0.568754 -0.5 0
0.571879 -0.5 0
0.575004 -0.5 0
0.578129 -0.5 0
0.581254 -0.5 0
0.584379 -0.5 0
0.587504 -0.5 0
0.590629 -0.5 0
0.593754 -0.5 0
0.596879 -0.5 0
0.600004 -0.5 0
0.603129 -0.5 0
0.606254 -0.5 0
0.609379 -0.5 0
0.612504 -0.5 0
0.615629 -0.5 0
0.618754 -0.5 0
0.621879 -0.5 0
0.625004 -0.5 0
0.628129 -0.5 0
0.631254 -0.5 0
0.634379 -0.5 0
0.637504 -0.5 0
0.640629 -0.5 0
0.643754 -0.5 0
0.646879 -0.5 0
0.650004 -0.5 0
0.653129 -0.5 0
0.656254 -0.5 0
0.659379 -0.5 0
0.662504 -0.5 0
0.665629 -0.5 0
0.668754 -0.5 0
0.671879 -0.5 0
0.675004 -0.5 0
0.678129 -0.5 0
0.681254 -0.5 0
0.684379 -0.5 0
0.687504 -0.5 0
0.690629 -0.5 0
0.693754 -0.5 0
0.696879 -0.5 0
0.700004 -0.5 0
0.703129 -0.5 0
0.706254 -0.5 0
0.709379 -0.5 0
0.712504 -0.5 0
0.715629 -0.5 0
0.718754 -0.5 0
0.721879 -0.5 0
0.725004 -0.5 0
0.728129 -0.5 0
0.731254 -0.5 0
0.734379 -0.5 0
0.737504 -0.5 0
0.740629 -0.5 0
0.743754 -0.5 0
0.746879 -0.5 0
0.750004 -0.5 0
0.753129 -0.5 0
0.756254 -0.5 0
0.759379 -0.5 0
0.762504 -0.5 0
0.765629 -0.5 0
0.768754 -0.5 0
0.771879 -0.5 0
0.775005 -0.5 0
0.77813 -0.5 0
0.781255 -0.5 0
0.78438 -0.5 0
0.787505 -0.5 0
0.79063 -0.5 0
0.793755 -0.5 0
0.79688 -0.5 0
0.800005 -0.5 0
0.80313 -0.5 0
0.806255 -0.5 0
0.80938 -0.5 0
0.812505 -0.5 0
0.81563 -0.5 0
0.818755 -0.5 0
0.82188 -0.5 0
0.825005 -0.5 0
0.82813 -0.5 0
0.831255 -0.5 0
0.83438 -0.5 0
0.837505 -0.5 0
0.84063 -0.5 0
0.843755 -0.5 0
0.84688 -0.5 0
0.850005 -0.5 0
0.85313 -0.5 0
0.856255 -0.5 0
0.85938 -0.5 0
0.862505 -0.5 0
0.86563 -0.5 0
0.868755 -0.5 0
0.87188 -0.5 0
0.875005 -0.5 0
0.87813 -0.5 0
0.881255 -0.5 0
0.88438 -0.5 0
0.887505 -0.5 0
0.89063 -0.5 0
0.893755 -0.5 0
0.89688 -0.5 0
0.900005 -0.5 0
0.90313 -0.5 0
0.906255 -0.5 0
0.90938 -0.5 0
0.912505 -0.5 0
0.91563 -0.5 0
0.918755 -0.5 0
0.92188 -0.5 0
0.925005 -0.5 0
0.92813 -0.5 0
0.931255 -0.5 0
0.93438 -0.5 0
0.937505 -0.5 0
0.94063 -0.5 0
0.943755 -0.5 0
0.94688 -0.5 0
0.950005 -0.5 0
0.95313 -0.5 0
0.956255 -0.5 0
0.95938 -0.5 0
0.962505 -0.5 0
0.96563 -0.5 0
0.968755 -0.5 0
0.97188 -0.5 0
0.975005 -0.5 0
0.97813 -0.5 0
0.981255 -0.5 0
0.98438 -0.5 0
0.987505 -0.5 0
0.99063 -0.5 0
0.993755 -0.5 0
0.99688 -0.5 0
-1 0.5 0
-0.996875 0.5 0
-0.99375 0.5 0
-0.990625 0.5 0
-0.9875 0.5 0
-0.984375 0.5 0
-0.98125 0.5 0
-0.978125 0.5 0
-0.975 0.5 0
-0.971875 0.5 0
-0.96875 0.5 0
-0.965625 0.5 0
-0.9625 0.5 0
-0.959375 0.5 0
-0.95625 0.5 0
-0.953125 0.5 0
-0.95 0.5 0
-0.946875 0.5 0
-0.94375 0.5 0
-0.940625 0.5 0
-0.9375 0.5 0
-0.934375 0.5 0
-0.93125 0.5 0
-0.928125 0.5 0
-0.925 0.5 0
-0.921875 0.5 0
-0.91875 0.5 0
-0.915625 0.5 0
-0.9125 0.5 0
-0.909375 0.5 0
-0.90625 0.5 0
-0.903125 0.5 0
-0.9 0.5 0
-0.896875 0.5 0
-0.89375 0.5 0
-0.890625 0.5 0
-0.8875 0.5 0
-0.884375 0.5 0
-0.88125 0.5 0
-0.878125 0.5 0
-0.875 0.5 0
-0.871875 0.5 0
-0.868749 0.5 0
-0.865624 0.5 0
-0.862499 0.5 0
-0.859374 0.5 0
-0.856249 0.5 0
-0.853124 0.5 0
-0.849999 0.5 0
-0.846874 0.5 0
-0.843749 0.5 0
-0.840624 0.5 0
-0.837499 0.5 0
-0.834374 0.5 0
-0.831249 0.5 0
-0.828124 0.5 0
-0.824999 0.5 0
-0.821874 0.5 0
-0.818749 0.5 0
-0.815624 0.5 0
-0.812499 0.5 0
-0.809374 0.5 0
-0.806249 0.5 0
-0.803124 0.5 0
-0.799999 0.5 0
-0.796874 0.5 0
-0.793749 0.5 0
-0.790624 0.5 0
-0.787499 0.5 0
-0.784374 0.5 0
-0.781249 0.5 0
-0.778124 0.5 0
-0.774999 0.5 0
-0.771874 0.5 0
-0.768749 0.5 0
-0.765624 0.5 0
-0.762499 0.5 0
-0.759374 0.5 0
-0.756249 0.5 0
-0.753124 0.5 0
-0.749999 0.5 0
-0.746874 0.5 0
-0.743749 0.5 0
-0.740624 0.5 0
-0.737499 0.5 0
-0.734374 0.5 0
-0.731249 0.5 0
-0.728124 0.5 0
-0.724999 0.5 0
-0.721874 0.5 0
-0.718749 0.5 0
-0.715624 0.5 0
-0.712499 0.5 0
-0.709374 0.5 0
-0.706249 0.5 0
-0.703124 0.5 0
-0.699999 0.5 0
-0.696874 0.5 0
-0.693749 0.5 0
-0.690624 0.5 0
-0.687499 0.5 0
-0.684374 0.5 0
-0.681249 0.5 0
-0.678124 0.5 0
-0.674999 0.5 0
-0.671874 0.5 0
-0.668749 0.5 0
-0.665624 0.5 0
-0.662499 0.5 0
-0.659374 0.5 0
-0.656249 0.5 0
-0.653124 0.5 0
-0.649999 0.5 0
-0.646874 0.5 0
-0.643749 0.5 0
-0.640624 0.5 0
-0.637499 0.5 0
-0.634374 0.5 0
-0.631249 0.5 0
-0.628124 0.5 0
-0.624999 0.5 0
-0.621874 0.5 0
-0.618749 0.5 0
-0.615624 0.5 0
-0.612499 0.5 0
-0.609374 0.5 0
-0.606248 0.5 0
-0.603123 0.5 0
-0.599998 0.5 0
-0.596873 0.5 0
-0.593748 0.5 0
-0.590623 0.5 0
-0.587498 0.5 0
-0.584373 0.5 0
-0.581248 0.5 0
-0.578123 0.5 0
-0.574998 0.5 0
-0.571873 0.5 0
-0.568748 0.5 0
-0.565623 0.5 0
-0.562498 0.5 0
-0.559373 0.5 0
-0.556248 0.5 0
-0.553123 0.5 0
-0.549998 0.5 0
-0.546873 0.5 0
-0.543748 0.5 0
-0.540623 0.5 0
-0.537498 0.5 0
-0.534373 0.5 0
-0.531248 0.5 0
-0.528123 0.5 0
-0.524998 0.5 0
-0.521873 0.5 0
-0.518748 0.5 0
-0.515623 0.5 0
-0.512498 0.5 0
-0.509373 0.5 0
-0.506248 0.5 0
-0.503123 0.5 0
-0.499998 0.5 0
-0.496873 0.5 0
-0.493748 0.5 0
-0.490623 0.5 0
-0.487498 0.5 0
-0.484373 0.5 0
-0.481248 0.5 0
-0.478123 0.5 0
-0.474998 0.5 0
-0.471873 0.5 0
-0.468748 0.5 0
-0.465623 0.5 0
-0.462498 0.5 0
-0.459373 0.5 0
-0.456248 0.5 0
-0.453123 0.5 0
-0.449998 0.5 0
-0.446873 0.5 0
-0.443748 0.5 0
-0.440623 0.5 0
-0.437498 0.5 0
-0.434373 0.5 0
-0.431248 0.5 0
-0.428123 0.5 0
-0.424998 0.5 0
-0.421873 0.5 0
-0.418748 0.5 0
-0.415623 0.5 0
-0.412498 0.5 0
-0.409373 0.5 0
-0.406248 0.5 0
-0.403123 0.5 0
-0.399998 0.5 0
-0.396873 0.5 0
-0.393748 0.5 0
-0.390623 0.5 0
-0.387498 0.5 0
-0.384373 0.5 0
-0.381248 0.5 0
-0.378123 0.5 0
-0.374998 0.5 0
-0.371873 0.5 0
-0.368748 0.5 0
-0.365623 0.5 0
-0.362498 0.5 0
-0.359373 0.5 0
-0.356248 0.5 0
-0.353123 0.5 0
-0.349998 0.5 0
-0.346873 0.5 0
-0.343747 0.5 0
-0.340622 0.5 0
-0.337497 0.5 0
-0.334372 0.5 0
-0.331247 0.5 0
-0.328122 0.5 0
-0.324997 0.5 0
-0.321872 0.5 0
-0.318747 0.5 0
-0.315622 0.5 0
-0.312497 0.5 0
-0.309372 0.5 0
-0.306247 0.5 0
-0.303122 0.5 0
-0.299997 0.5 0
-0.296872 0.5 0
-0.293747 0.5 0
-0.290622 0.5 0
-0.287497 0.5 0
-0.284372 0.5 0
-0.281247 0.5 0
-0.278122 0.5 0
-0.274997 0.5 0
-0.271872 0.5 0
-0.268747 0.5 0
-0.265622 0.5 0
-0.262497 0.5 0
-0.259372 0.5 0
-0.256247 0.5 0
-0.253122 0.5 0
-0.249997 0.5 0
-0.246872 0.5 0
-0.243747 0.5 0
-0.240622 0.5 0
-0.237497 0.5 0
-0.234372 0.5 0
-0.231247 0.5 0
-0.228122 0.5 0
-0.224997 0.5 0
-0.221872 0.5 0
-0.218747 0.5 0
-0.215622 0.5 0
-0.212497 0.5 0
-0.209372 0.5 0
-0.206247 0.5 0
-0.203122 0.5 0
-0.199997 0.5 0
-0.196872 0.5 0
-0.193747 0.5 0
-0.190622 0.5 0
-0.187497 0.5 0
-0.184372 0.5 0
-0.181247 0.5 0
-0.178122 0.5 0
-0.174997 0.5 0
-0.171872 0.5 0
-0.168747 0.5 0
-0.165622 0.5 0
-0.162497 0.5 0
-0.159372 0.5 0
-0.156247 0.5 0
-0.153122 0.5 0
-0.149997 0.5 0
-0.146872 0.5 0
-0.143747 0.5 0
-0.140622 0.5 0
-0.137497 0.5 0
-0.134372 0.5 0
-0.131247 0.5 0
-0.128122 0.5 0
-0.124997 0.5 0
-0.121872 0.5 0
-0.118747 0.5 0
-0.115622 0.5 0
-0.112497 0.5 0
-0.109372 0.5 0
-0.106247 0.5 0
-0.103122 0.5 0
-0.0999973 0.5 0
-0.0968723 0.5 0
-0.0937473 0.5 0
-0.0906223 0.5 0
-0.0874973 0.5 0
-0.0843723 0.5 0
-0.0812473 0.5 0
-0.0781223 0.5 0
-0.0749973 0.5 0
-0.0718723 0.5 0
-0.0687473 0.5 0
-0.0656223 0.5 0
-0.0624973 0.5 0
-0.0593723 0.5 0
-0.0562473 0.5 0
-0.0531223 0.5 0
-0.0499973 0.5 0
-0.0468723 0.5 0
-0.0437473 0.5 0
-0.0406223 0.5 0
-0.0374973 0.5 0
-0.0343723 0.5 0
-0.0312473 0.5 0
-0.0281223 0.5 0
-0.0249973 0.5 0
-0.0218723 0.5 0
-0.0187473 0.5 0
-0.0156223 0.5 0
-0.0124973 0.5 0
-0.00937232 0.5 0
-0.00624732 0.5 0
-0.00312232 0.5 0
2.68077e-006 0.5 0
0.00312768 0.5 0
0.00625268 0.5 0
0.00937768 0.5 0
0.0125027 0.5 0
0.0156277 0.5 0
0.0187527 0.5 0
0.0218777 0.5 0
0.0250027 0.5 0
0.0281277 0.5 0
0.0312527 0.5 0
0.0343777 0.5 0
0.0375027 0.5 0
0.0406277 0.5 0
0.0437527 0.5 0
0.0468777 0.5 0
0.0500027 0.5 0
0.0531277 0.5 0
0.0562527 0.5 0
0.0593777 0.5 0
0.0625027 0.5 0
0.0656277 0.5 0
0.0687527 0.5 0
0.0718777 0.5 0
0.0750027 0.5 0
0.0781277 0.5 0
0.0812527 0.5 0
0.0843777 0.5 0
0.0875027 0.5 0
0.0906277 0.5 0
0.0937527 0.5 0
0.0968777 0.5 0
0.100003 0.5 0
0.103128 0.5 0
0.106253 0.5 0
0.109378 0.5 0
0.112503 0.5 0
0.115628 0.5 0
0.118753 0.5 0
0.121878 0.5 0
0.125003 0.5 0
0.128128 0.5 0
0.131253 0.5 0
0.134378 0.5 0
0.137503 0.5 0
0.140628 0.5 0
0.143753 0.5 0
0.146878 0.5 0
0.150003 0.5 0
0.153128 0.5 0
0.156253 0.5 0
0.159378 0.5 0
0.162503 0.5 0
0.165628 0.5 0
0.168753 0.5 0
0.171878 0.5 0
0.175003 0.5 0
0.178128 0.5 0
0.181253 0.5 0
0.184378 0.5 0
0.187503 0.5 0
0.190628 0.5 0
0.193753 0.5 0
0.196878 0.5 0
0.200003 0.5 0
0.203128 0.5 0
0.206253 0.5 0
0.209378 0.5 0
0.212503 0.5 0
0.215628 0.5 0
0.218753 0.5 0
0.221878 0.5 0
0.225003 0.5 0
0.228128 0.5 0
0.231253 0.5 0
0.234378 0.5 0
0.237503 0.5 0
0.240628 0.5 0
0.243753 0.5 0
0.246878 0.5 0
0.250003 0.5 0
0.253128 0.5 0
0.256253 0.5 0
0.259378 0.5 0
0.262503 0.5 0
0.265628 0.5 0
0.268753 0.5 0
0.271878 0.5 0
0.275003 0.5 0
0.278128 0.5 0
0.281253 0.5 0
0.284378 0.5 0
0.287503 0.5 0
0.290628 0.5 0
0.293753 0.5 0
0.296878 0.5 0
0.300003 0.5 0
0.303128 0.5 0
0.306253 0.5 0
0.309378 0.5 0
0.312503 0.5 0
0.315628 0.5 0
0.318753 0.5 0
0.321878 0.5 0
0.325003 0.5 0
0.328128 0.5 0
0.331253 0.5 0
0.334378 0.5 0
0.337503 0.5 0
0.340628 0.5 0
0.343753 0.5 0
0.346878 0.5 0
0.350003 0.5 0
0.353128 0.5 0
0.356253 0.5 0
0.359378 0.5 0
0.362503 0.5 0
0.365628 0.5 0
0.368753 0.5 0
0.371878 0.5 0
0.375003 0.5 0
0.378128 0.5 0
0.381253 0.5 0
0.384378 0.5 0
0.387503 0.5 0
0.390628 0.5 0
0.393753 0.5 0
0.396878 0.5 0
0.400003 0.5 0
0.403128 0.5 0
0.406253 0.5 0
0.409378 0.5 0
0.412503 0.5 0
0.415628 0.5 0
0.418753 0.5 0
0.421878 0.5 0
0.425003 0.5 0
0.428128 0.5 0
0.431253 0.5 0
0.434378 0.5 0
0.437503 0.5 0
0.440628 0.5 0
0.443753 0.5 0
0.446878 0.5 0
0.450003 0.5 0
0.453128 0.5 0
0.456253 0.5 0
0.459378 0.5 0
0.462503 0.5 0
0.465628 0.5 0
0.468753 0.5 0
0.471878 0.5 0
0.475003 0.5 0
0.478128 0.5 0
0.481253 0.5 0
0.484378 0.5 0
0.487503 0.5 0
0.490628 0.5 0
0.493753 0.5 0
0.496878 0.5 0
0.500003 0.5 0
0.503128 0.5 0
0.506253 0.5 0
0.509378 0.5 0
0.512504 0.5 0
0.515629 0.5 0
0.518754 0.5 0
0.521879 0.5 0
0.525004 0.5 0
0.528129 0.5 0
0.531254 0.5 0
0.534379 0.5 0
0.537504 0.5 0
0.540629 0.5 0
0.543754 0.5 0
0.546879 0.5 0
0.550004 0.5 0
0.553129 0.5 0
0.556254 0.5 0
0.559379 0.5 0
0.562504 0.5 0
0.565629 0.5 0
0.568754 0.5 0
0.571879 0.5 0
0.575004 0.5 0
0.578129 0.5 0
0.581254 0.5 0
0.584379 0.5 0
0.587504 0.5 0
0.590629 0.5 0
0.593754 0.5 0
0.596879 0.5 0
0.600004 0.5 0
0.603129 0.5 0
0.606254 0.5 0
0.609379 0.5 0
0.612504 0.5 0
0.615629 0.5 0
0.618754 0.5 0
0.621879 0.5 0
0.625004 0.5 0
0.628129 0.5 0
0.631254 0.5 0
0.634379 0.5 0
0.637504 0.5 0
0.640629 0.5 0
0.643754 0.5 0
0.646879 0.5 0
0.650004 0.5 0
0.653129 0.5 0
0.656254 0.5 0
0.659379 0.5 0
0.662504 0.5 0
0.665629 0.5 0
0.668754 0.5 0
0.671879 0.5 0
0.675004 0.5 0
0.678129 0.5 0
0.681254 0.5 0
0.684379 0.5 0
0.687504 0.5 0
0.690629 0.5 0
0.693754 0.5 0
0.696879 0.5 0
0.700004 0.5 0
0.703129 0.5 0
0.706254 0.5 0
0.709379 0.5 0
0.712504 0.5 0
0.715629 0.5 0
0.718754 0.5 0
0.721879 0.5 0
0.725004 0.5 0
0.728129 0.5 0
0.731254 0.5 0
0.734379 0.5 0
0.737504 0.5 0
0.740629 0.5 0
0.743754 0.5 0
0.746879 0.5 0
0.750004 0.5 0
0.753129 0.5 0
0.756254 0.5 0
0.759379 0.5 0
0.762504 0.5 0
0.765629 0.5 0
0.768754 0.5 0
0.771879 0.5 0
0.775005 0.5 0
0.77813 0.5 0
0.781255 0.5 0
0.78438 0.5 0
0.787505 0.5 0
0.79063 0.5 0
0.793755 0.5 0
0.79688 0.5 0
0.800005 0.5 0
0.80313 0.5 0
0.806255 0.5 0
0.80938 0.5 0
0.812505 0.5 0
0.81563 0.5 0
0.818755 0.5 0
0.82188 0.5 0
0.825005 0.5 0
0.82813 0.5 0
0.831255 0.5 0
0.83438 0.5 0
0.837505 0.5 0
0.84063 0.5 0
0.843755 0.5 0
0.84688 0.5 0
0.850005 0.5 0
0.85313 0.5 0
0.856255 0.5 0
0.85938 0.5 0
0.862505 0.5 0
0.86563 0.5 0
0.868755 0.5 0
0.87188 0.5 0
0.875005 0.5 0
0.87813 0.5 0
0.881255 0.5 0
0.88438 0.5 0
0.887505 0.5 0
0.89063 0.5 0
0.893755 0.5 0
0.89688 0.5 0
0.900005 0.5 0
0.90313 0.5 0
0.906255 0.5 0
0.90938 0.5 0
0.912505 0.5 0
0.91563 0.5 0
0.918755 0.5 0
0.92188 0.5 0
0.925005 0.5 0
0.92813 0.5 0
0.931255 0.5 0
0.93438 0.5 0
0.937505 0.5 0
0.94063 0.5 0
0.943755 0.5 0
0.94688 0.5 0
0.950005 0.5 0
0.95313 0.5 0
0.956255 0.5 0
0.95938 0.5 0
0.962505 0.5 0
0.96563 0.5 0
0.968755 0.5 0
0.97188 0.5 0
0.975005 0.5 0
0.97813 0.5 0
0.981255 0.5 0
0.98438 0.5 0
0.987505 0.5 0
0.99063 0.5 0
0.993755 0.5 0
0.99688 0.5 0
